0.000000000000000000e+00 3.700033036009250237e-02
1.000000000000000000e+00 2.803105384869507555e-01
2.000000000000000000e+00 5.115626032375288901e-01
3.000000000000000000e+00 1.603898249091509631e-01
4.000000000000000000e+00 1.040634291377601564e-02
5.000000000000000000e+00 3.303600925008258753e-04
6.000000000000000000e+00 0.000000000000000000e+00
7.000000000000000000e+00 0.000000000000000000e+00
8.000000000000000000e+00 0.000000000000000000e+00
9.000000000000000000e+00 0.000000000000000000e+00
1.000000000000000000e+01 0.000000000000000000e+00
1.100000000000000000e+01 0.000000000000000000e+00
1.200000000000000000e+01 0.000000000000000000e+00
1.300000000000000000e+01 0.000000000000000000e+00
