0.000000000000000000e+00 2.127518995705318661e-01
1.000000000000000000e+00 4.545754872811364478e-01
2.000000000000000000e+00 2.998017839444995225e-01
3.000000000000000000e+00 3.171456888007928576e-02
4.000000000000000000e+00 1.156260323752890699e-03
5.000000000000000000e+00 0.000000000000000000e+00
6.000000000000000000e+00 0.000000000000000000e+00
7.000000000000000000e+00 0.000000000000000000e+00
8.000000000000000000e+00 0.000000000000000000e+00
9.000000000000000000e+00 0.000000000000000000e+00
1.000000000000000000e+01 0.000000000000000000e+00
1.100000000000000000e+01 0.000000000000000000e+00
1.200000000000000000e+01 0.000000000000000000e+00
1.300000000000000000e+01 0.000000000000000000e+00
