0.000000000000000000e+00 0.000000000000000000e+00
1.000000000000000000e+00 2.196894615130492306e-02
2.000000000000000000e+00 2.077964981830194846e-01
3.000000000000000000e+00 3.255698711595639283e-01
4.000000000000000000e+00 2.571853320118929753e-01
5.000000000000000000e+00 1.157912124215394745e-01
6.000000000000000000e+00 4.740667327386851454e-02
7.000000000000000000e+00 1.569210439378922878e-02
8.000000000000000000e+00 6.442021803766104920e-03
9.000000000000000000e+00 1.321440370003303501e-03
1.000000000000000000e+01 4.955401387512388400e-04
1.100000000000000000e+01 3.303600925008258753e-04
1.200000000000000000e+01 0.000000000000000000e+00
1.300000000000000000e+01 0.000000000000000000e+00
