0.000000000000000000e+00 2.571853320118929753e-01
1.000000000000000000e+00 4.529236868186323206e-01
2.000000000000000000e+00 2.628014535844069854e-01
3.000000000000000000e+00 2.609844730756524442e-02
4.000000000000000000e+00 9.910802775024776801e-04
5.000000000000000000e+00 0.000000000000000000e+00
6.000000000000000000e+00 0.000000000000000000e+00
7.000000000000000000e+00 0.000000000000000000e+00
8.000000000000000000e+00 0.000000000000000000e+00
9.000000000000000000e+00 0.000000000000000000e+00
1.000000000000000000e+01 0.000000000000000000e+00
1.100000000000000000e+01 0.000000000000000000e+00
1.200000000000000000e+01 0.000000000000000000e+00
1.300000000000000000e+01 0.000000000000000000e+00
