0.000000000000000000e+00 0.000000000000000000e+00
1.000000000000000000e+00 1.569210439378922878e-02
2.000000000000000000e+00 1.701354476379253466e-01
3.000000000000000000e+00 2.882391807069705769e-01
4.000000000000000000e+00 2.614800132144036726e-01
5.000000000000000000e+00 1.446977205153617552e-01
6.000000000000000000e+00 7.020151965642550118e-02
7.000000000000000000e+00 2.841096795507102798e-02
8.000000000000000000e+00 1.304922365378262221e-02
9.000000000000000000e+00 5.781301618764452845e-03
1.000000000000000000e+01 1.816980508754542558e-03
1.100000000000000000e+01 1.651800462504129376e-04
1.200000000000000000e+01 3.303600925008258753e-04
1.300000000000000000e+01 0.000000000000000000e+00
