0.000000000000000000e+00 1.271886356128179747e-02
1.000000000000000000e+00 2.102741988767756753e-01
2.000000000000000000e+00 5.330360092500825431e-01
3.000000000000000000e+00 2.254707631318136896e-01
4.000000000000000000e+00 1.783944499504459824e-02
5.000000000000000000e+00 6.607201850016517506e-04
6.000000000000000000e+00 0.000000000000000000e+00
7.000000000000000000e+00 0.000000000000000000e+00
8.000000000000000000e+00 0.000000000000000000e+00
9.000000000000000000e+00 0.000000000000000000e+00
1.000000000000000000e+01 0.000000000000000000e+00
1.100000000000000000e+01 0.000000000000000000e+00
1.200000000000000000e+01 0.000000000000000000e+00
1.300000000000000000e+01 0.000000000000000000e+00
