0.000000000000000000e+00 0.000000000000000000e+00
1.000000000000000000e+00 1.189296333002973216e-02
2.000000000000000000e+00 1.285100759828212702e-01
3.000000000000000000e+00 2.471093491906177775e-01
4.000000000000000000e+00 2.571853320118929753e-01
5.000000000000000000e+00 1.694747274529236902e-01
6.000000000000000000e+00 9.266600594648166656e-02
7.000000000000000000e+00 4.691113313511727917e-02
8.000000000000000000e+00 2.593326726131483378e-02
9.000000000000000000e+00 1.024116286752560327e-02
1.000000000000000000e+01 6.772381896266930525e-03
1.100000000000000000e+01 2.477700693756194200e-03
1.200000000000000000e+01 6.607201850016517506e-04
1.300000000000000000e+01 1.651800462504129376e-04
