0.000000000000000000e+00 0.000000000000000000e+00
1.000000000000000000e+00 4.608523290386521559e-02
2.000000000000000000e+00 3.282127518995705540e-01
3.000000000000000000e+00 3.923026098447307541e-01
4.000000000000000000e+00 1.793855302279484532e-01
5.000000000000000000e+00 4.393789230260984613e-02
6.000000000000000000e+00 8.589362405021472649e-03
7.000000000000000000e+00 1.321440370003303501e-03
8.000000000000000000e+00 1.651800462504129376e-04
9.000000000000000000e+00 0.000000000000000000e+00
1.000000000000000000e+01 0.000000000000000000e+00
1.100000000000000000e+01 0.000000000000000000e+00
1.200000000000000000e+01 0.000000000000000000e+00
1.300000000000000000e+01 0.000000000000000000e+00
