0.000000000000000000e+00 7.846052196894615083e-02
1.000000000000000000e+00 3.643871820284109719e-01
2.000000000000000000e+00 4.593657086223983943e-01
3.000000000000000000e+00 9.316154608523290193e-02
4.000000000000000000e+00 4.625041295011562796e-03
5.000000000000000000e+00 0.000000000000000000e+00
6.000000000000000000e+00 0.000000000000000000e+00
7.000000000000000000e+00 0.000000000000000000e+00
8.000000000000000000e+00 0.000000000000000000e+00
9.000000000000000000e+00 0.000000000000000000e+00
1.000000000000000000e+01 0.000000000000000000e+00
1.100000000000000000e+01 0.000000000000000000e+00
1.200000000000000000e+01 0.000000000000000000e+00
1.300000000000000000e+01 0.000000000000000000e+00
